8 41501
8 28673
8 43779
8 6836
8 7455
30 39865
30 8164
30 36312
30 12003
30 20212
33 39866
33 42130
33 42550
33 570
33 3533
45 41501
45 11066
45 13936
45 32869
45 40410
56 2427
56 40984
65 39952
68 37304
68 39142
68 42901
68 42746
68 38992
88 16615
88 43616
88 43866
88 43870
88 43880
89 41882
89 33668
89 41400
89 42550
89 42130
105 1175
105 21198
105 6294
105 6568
105 3199
109 42512
109 15562
109 11689
109 32356
109 42058
116 39769
116 43260
116 3088
116 3350
116 7608
118 7539
118 29357
118 8715
118 17744
120 43322
120 15904
120 44063
120 44068
120 44219
132 22876
132 6943
132 12959
132 5086
132 1572
133 39797
133 39793
133 9209
133 27224
133 29238
137 3176
137 42343
137 28032
137 11037
137 7395
150 9340
150 660
150 766
150 3600
150 377
155 8579
155 6837
155 12619
155 44164
155 12232
156 39453
156 12161
156 3277
156 43787
156 43468
157 14260
157 41888
157 42089
157 19581
157 42101
164 25697
164 41478
164 18680
164 41349
164 20169
171 14052
171 4012
171 11847
171 8361
171 40664
173 34180
173 43692
178 1954
178 2488
178 38745
178 8743
178 38722
218 42963
218 43103
218 28283
218 21787
218 43860
219 355
219 38471
219 1202
219 316
219 17127
220 40776
220 13377
220 3765
220 4190
220 6066
230 3472
230 6757
230 26077
230 11054
230 12138
243 3019
243 16806
243 1813
243 25003
243 1140
248 30589
248 38424
248 40422
248 41349
248 40457
260 41022
260 41020
260 41400
260 3791
260 5076
268 42701
268 4686
268 15381
268 15863
268 14954
278 4714
278 43002
278 41585
278 15351
278 11264
287 40515
287 1330
287 1508
287 12
287 40214
289 39768
289 30624
289 38322
289 1155
303 1781
303 63
303 18553
303 21092
303 20545
308 15486
308 12448
308 41017
308 23435
308 37089
331 25846
331 26008
331 25030
331 41709
340 37085
340 24030
340 42130
340 24199
340 11726
349 39659
349 43181
349 21225
349 14900
349 18224
352 42232
352 41888
352 6068
352 1610
352 5306
366 43284
366 43354
388 24302
388 18090
406 2688
406 7840
406 21264
406 9486
406 209
407 10856
407 9130
409 27047
409 8320
409 10969
409 14344
409 12148
419 40779
419 187
419 41507
419 41654
419 41016
425 39952
425 12596
425 16997
425 25409
425 16398
455 33915
455 3781
455 23439
455 12629
455 37229
456 40059
456 36747
488 42609
488 40421
488 878
488 6069
488 40410
491 5272
491 41246
491 11792
491 25
491 6012
496 13624
496 7803
496 4236
496 8380
496 5847
521 21164
521 19553
521 7614
521 21197
521 8514
523 13463
523 7219
523 10272
523 37387
524 10086
524 37617
524 35540
539 35983
539 10090
539 26097
539 41938
539 25473
547 304
547 13042
547 58
547 40759
547 9143
553 34759
553 3020
553 22957
553 6898
553 17254
559 18966
559 6727
559 41020
559 2178
562 7937
562 23479
562 5283
562 15371
578 36939
578 25751
578 35746
578 16610
587 22970
587 39161
587 29703
587 25270
587 34520
588 7353
588 21820
588 30594
588 28654
588 38411
589 43355
589 1015
597 2657
597 41079
597 19247
597 30672
597 5589
608 42499
608 2323
608 39467
608 37224
608 35041
610 41400
610 40759
610 42129
610 40957
610 30955
611 7399
611 11666
611 1224
611 17021
611 21171
619 22957
619 38634
619 40416
619 40421
619 33925
620 12464
620 25154
620 25211
620 12937
620 11961
626 41349
626 7283
626 6249
626 35746
626 10694
630 17748
630 41018
630 30873
630 24301
640 25863
640 8657
640 23746
647 12923
647 41918
647 22200
647 42340
647 35692
666 42507
666 3072
666 6910
666 7935
666 9943
678 24827
678 17934
678 17903
678 36172
678 298
680 28987
680 43262
680 18518
680 7348
680 42499
695 27144
695 42914
695 27193
695 27468
695 27554
696 40957
696 40811
696 33700
709 42692
709 34275
709 42666
709 42343
709 9490
715 12356
715 9616
715 1333
715 43450
715 44017
716 15807
716 14806
716 7949
716 11967
716 16378
729 41246
729 13880
729 19373
729 22215
731 38829
731 42550
731 41585
731 35335
731 521
734 19594
734 24781
734 21014
734 3995
734 24342
740 23723
740 31720
740 31719
740 14745
744 20350
744 42129
744 20136
744 4629
744 39768
745 1038
745 10490
745 6577
745 1189
745 914
747 28306
747 24208
747 21584
747 8964
747 42165
753 22928
753 28052
753 27077
753 43822
753 27195
759 104
759 40957
759 5272
759 245
759 27360
770 33430
770 18903
770 14299
770 9485
770 2380
780 41874
780 25086
780 38703
780 43263
780 41894
782 21907
782 41501
782 11270
782 39118
782 41954
786 31737
786 2750
786 4242
786 1743
786 7373
815 40957
815 42478
815 41217
815 13872
815 12301
828 42051
828 43399
828 7521
828 18914
828 5801
829 4220
829 26126
829 6599
833 9301
833 11412
833 22880
833 30807
833 31360
855 37039
855 1996
855 1943
855 231
855 1902
880 37301
880 42678
880 19072
880 42965
882 17880
882 23746
882 25863
897 42499
897 19382
897 19918
897 7665
897 22691
902 335
902 986
902 11
902 15452
902 13917
918 14351
918 804
918 11505
918 7611
918 1779
920 15322
920 43168
920 41033
920 43293
920 42245
925 24997
925 24980
925 41501
925 36792
925 23814
931 6294
931 11556
931 41349
931 10096
931 7994
936 1194
936 1182
936 40645
936 42499
936 33069
944 2226
944 40348
944 32725
944 17490
944 34276
970 41017
970 42051
970 42580
970 43938
970 16287
992 42913
992 43096
992 41585
992 42517
992 42901
1001 24997
1001 17902
1001 6401
1001 24599
1001 41755
1005 1906
1005 4456
1005 7305
1005 30284
1005 1816
1026 30807
1026 22345
1026 490
1026 21103
1026 18539
1040 11447
1040 14158
1040 28653
1040 3509
1040 470
1046 43078
1046 26890
1046 20027
1046 11748
1046 44007
1047 41879
1047 23608
1047 41912
1047 8247
1047 42467
1058 2040
1058 850
1058 876
1058 852
1058 6768
1080 41501
1080 23500
1080 39952
1080 42150
1080 43325
1093 24997
1093 40373
1093 41501
1093 43844
1093 34910
1097 42913
1097 2015
1097 27360
1097 41587
1097 10873
1103 38745
1103 30007
1103 22185
1103 24025
1108 42467
1108 40129
1108 32227
1108 1609
1108 6991
1112 3030
1112 4884
1112 40063
1112 14260
1127 17127
1127 41897
1127 39768
1127 42573
1127 26204
1167 10691
1167 18736
1167 24513
1167 7843
1181 17499
1181 10630
1181 31329
1181 42546
1181 1481
1183 42902
1202 25110
1202 21374
1202 22028
1202 12632
1202 9968
1203 33518
1203 40214
1203 8398
1203 12007
1203 42129
1224 42499
1224 25687
1224 43096
1224 1939
1224 11855
1228 35450
1228 40515
1228 40059
1228 43664
1228 41778
1240 42101
1240 28630
1240 33914
1240 31373
1240 42700
1243 28468
1243 24583
1243 42130
1243 42550
1243 15508
1252 15955
1252 8974
1252 12602
1252 1417
1252 39704
1263 26008
1263 15134
1263 17471
1267 19371
1267 17650
1267 25284
1267 27545
1267 19508
1268 40313
1268 40517
1268 41018
1268 33268
1268 36312
1280 1151
1280 24320
1280 25474
1280 18650
1280 44171
1284 346
1284 3844
1284 1192
1284 41008
1284 1123
1296 2636
1296 41022
1296 42287
1296 21184
1296 11607
1297 132
1297 254
1297 1506
1297 163
1297 39121
1299 36347
1299 41107
1299 41400
1299 39682
1299 40926
1301 43698
1301 42152
1301 43715
1301 43780
1301 43699
1302 17443
1302 21923
1302 41073
1302 9440
1302 93
1309 862
1309 27340
1309 11892
1309 9846
1309 1168
1313 39817
1313 24482
1313 21937
1313 20254
1313 9690
1314 34811
1314 37221
1314 26038
1314 26010
1314 41014
1318 22399
1318 10716
1318 24620
1318 24838
1318 40957
1319 26152
1319 1358
1319 4935
1319 1065
1319 895
1321 3588
1321 11370
1321 21004
1321 8797
1321 7564
1322 41073
1331 39763
1331 41457
1331 38469
1331 38623
1331 5780
1353 40794
1353 6635
1353 16171
1353 7194
1353 6568
1359 3567
1359 40957
1359 42478
1359 40645
1361 40644
1361 30313
1361 39151
1361 40517
1361 41970
1366 24202
1366 13642
1366 13804
1366 13369
1366 7335
1369 43013
1369 8534
1369 41557
1369 43845
1369 43635
1378 25186
1378 11839
1378 40059
1378 23558
1378 1060
1381 814
1381 4205
1381 1751
1381 11975
1381 23690
1388 37227
1388 41008
1388 27360
1388 40316
1388 970
1396 40670
1396 39132
1396 41654
1396 42546
1396 2189
1407 24371
1407 6991
1407 11295
1407 10027
1407 7805
1414 35287
1414 11324
1414 2466
1414 11866
1414 16126
1441 22739
1441 18448
1441 1138
1441 17258
1441 22973
1442 41020
1447 42467
1447 41022
1447 1140
1447 1642
1447 11844
1498 40779
1498 5079
1498 11029
1498 42312
1498 1743
1539 40082
1539 30884
1539 14254
1539 39162
1539 44164
1541 3470
1541 10006
1541 7771
1541 5248
1541 7704
1559 42467
1559 26058
1559 40957
1559 25324
1559 13212
1577 5619
1577 42654
1577 42913
1577 33952
1635 15427
1635 42833
1635 12333
1635 42055
1635 41020
1648 40726
1648 40717
1648 40721
1648 40722
1648 18893
1649 39936
1649 40957
1649 8471
1649 11096
1649 42129
1687 40108
1687 6764
1687 16887
1687 25187
1687 20742
1719 7099
1719 6090
1719 592
1719 20600
1719 41457
1732 27359
1732 10310
1732 18706
1732 21883
1739 2375
1739 42949
1739 42451
1739 7969
1739 30916
1766 14784
1766 14363
1766 17427
1766 30652
1766 12157
1783 24620
1783 6337
1783 30353
1783 41015
1783 17428
1793 17903
1793 34802
1793 44341
1793 11834
1793 20803
1796 7232
1796 3038
1796 15863
1796 11447
1796 9610
1827 14817
1827 16504
1827 19061
1827 1323
1829 42512
1829 42666
1829 40957
1832 16146
1832 41587
1832 42467
1832 39118
1840 21082
1840 35294
1840 13085
1840 13142
1847 14538
1847 32249
1847 5827
1847 40957
1849 5702
1849 42700
1855 7374
1855 7595
1855 24710
1855 896
1855 3000
1861 39058
1861 27343
1861 36038
1861 7360
1877 37478
1879 20697
1879 17028
1879 7589
1879 2931
1879 6564
1893 42913
1893 42901
1893 38925
1893 2702
1893 40779
1917 40779
1917 42550
1917 42573
1917 1810
1917 39682
1919 4989
1919 7911
1919 8371
1919 8293
1919 42609
1929 209
1929 25200
1929 39975
1929 40515
1929 40219
1936 42666
1936 32878
1936 41017
1936 30026
1936 17514
1950 36065
1950 20396
1950 6097
1950 42550
1950 24511
1951 24533
1951 4757
1951 2104
1951 4783
1959 4477
1959 5687
1959 12397
1959 6930
1983 18136
1983 22540
1983 7483
1983 2137
1983 39765
1995 17521
1995 42556
1995 40037
1995 34390
1995 25209
2005 10677
2005 14475
2005 13723
2005 23851
2005 6636
2012 32652
2012 1721
2021 5986
2021 446
2021 36083
2021 21236
2021 33810
2041 15852
2041 20097
2041 39115
2041 2197
2041 14544
2052 4858
2052 28662
2052 25712
2052 21741
2052 6500
2083 12475
2083 42550
2083 42129
2083 4082
2083 1196
2084 39121
2084 4514
2084 16567
2084 28630
2084 6725
2095 41879
2100 41507
2100 40515
2100 2427
2100 20821
2100 41879
2114 11185
2114 14493
2114 29665
2114 34817
2114 32844
2132 34253
2132 42130
2132 42129
2132 6588
2132 40410
2138 18348
2138 19541
2138 24382
2138 26021
2138 21588
2179 29020
2179 17675
2179 40811
2179 41400
2179 340
2192 490
2192 23383
2192 29742
2192 9568
2192 37107
2207 39936
2207 42901
2207 40759
2207 41400
2207 41113
2210 7928
2210 19597
2210 4012
2210 19103
2210 29570
2212 42666
2212 42901
2212 42573
2212 41897
2212 42343
2240 39700
2240 40315
2240 25194
2240 40644
2240 42991
2242 27344
2242 35144
2242 41970
2242 27360
2242 41022
2262 7978
2262 39162
2262 3554
2262 319
2262 2242
2265 13905
2265 14946
2265 10692
2265 1499
2265 10794
2277 28497
2277 26018
2277 25124
2293 17144
2293 16156
2293 16874
2293 35874
2293 33439
2306 34979
2306 41063
2306 19991
2306 34971
2306 25337
2322 13137
2322 37227
2322 18736
2322 29665
2337 15071
2337 16805
2337 19255
2337 41654
2337 32796
2362 24689
2362 18577
2362 43760
2362 17648
2362 43394
2389 33944
2389 42283
2389 42517
2431 33626
2431 41018
2431 5030
2431 8057
2431 10632
2433 40272
2433 3305
2433 5242
2433 7964
2433 9700
2450 42985
2458 15549
2458 37224
2458 28678
2458 24620
2458 32309
2488 41020
2488 20813
2488 13877
2488 41597
2488 327
2496 32757
2496 42499
2503 16799
2503 12649
2503 13697
2503 6490
2503 1136
2509 11110
2509 31290
2509 31783
2509 4243
2509 7283
2518 40129
2518 40059
2518 42550
2518 25194
2518 39682
2524 23240
2524 41598
2524 22721
2524 34112
2524 27306
2529 42692
2529 8865
2529 9189
2529 7760
2529 2724
2547 2396
2547 41376
2547 32580
2547 501
2547 2115
2551 19951
2551 43312
2551 14810
2551 6443
2551 41019
2560 22942
2560 41457
2571 17103
2571 24413
2571 16493
2571 10096
2571 6648
2577 16504
2577 14559
2577 2878
2577 39353
2577 38976
2583 10187
2583 23449
2583 8566
2583 520
2583 14069
2643 37268
2643 2858
2643 1999
2643 1689
2643 8046
2650 26131
2668 10704
2668 42238
2668 36423
2668 43757
2668 31854
2717 40957
2717 40794
2717 42129
2717 4353
2717 40214
2719 43397
2719 11414
2719 23153
2719 36907
2719 31443
2770 42303
2770 7141
2770 6226
2770 1575
2770 1151
2777 43898
2777 5674
2777 34910
2777 2856
2777 6222
2872 42499
2872 2
2872 31391
2872 12671
2872 42467
2879 38992
2879 40647
2879 8949
2879 25072
2879 40422
2901 34697
2901 42913
2901 13675
2901 2209
2901 27343
2908 468
2908 583
2908 3423
2908 1417
2908 6792
2916 25081
2916 2048
2916 22674
2916 24851
2916 12724
2968 27360
2968 31727
2968 40957
2968 42129
2968 31222
2973 42902
2982 28653
2982 41490
2982 12301
2982 6069
2982 42502
3006 2693
3006 23816
3006 2479
3006 8372
3006 18238
3012 4963
3012 7483
3012 8568
3012 40759
3012 6991
3049 43118
3049 43788
3049 43845
3049 14308
3049 43948
3149 15743
3149 39142
3149 20218
3149 17822
3149 18710
3157 22994
3157 13417
3157 35633
3157 35629
3157 14780
3173 40926
3173 40009
3173 10310
3173 41912
3173 4493
3183 41879
3183 40214
3183 39765
3259 41015
3259 10982
3259 12029
3259 2785
3259 9043
3291 13712
3291 32094
3291 3734
3291 1609
3291 10526
3293 26770
3293 43470
3293 43819
3293 37441
3293 13964
3294 8859
3294 3250
3294 4833
3294 25786
3294 521
3314 12228
3314 17521
3314 25405
3314 42312
3314 42546
3322 27345
3322 24192
3322 4305
3322 24959
3322 4822
3344 2546
3344 3578
3350 20985
3350 39168
3350 1997
3350 36209
3350 15743
3364 22137
3364 15549
3364 39264
3364 41501
3364 28637
3367 43103
3367 43096
3367 29703
3367 22391
3367 42248
3387 4116
3387 41008
3387 27360
3387 17429
3387 42550
3389 41019
3389 357
3389 279
3389 2350
3389 2556
3398 25313
3398 31373
3398 12780
3398 7140
3398 29647
3412 31147
3412 6741
3412 6782
3412 7569
3412 2182
3440 41587
3440 1465
3440 23544
3440 10380
3440 25194
3447 4766
3447 1148
3447 37214
3447 44179
3550 34282
3550 28680
3550 22944
3550 4807
3550 22853
3562 463
3562 2015
3562 41897
3562 41587
3562 40957
3570 43274
3570 25050
3570 24946
3570 14998
3570 15020
3576 43048
3649 1287
3649 160
3649 30259
3649 13671
3649 18852
3740 14520
3740 1102
3740 18533
3740 40938
3740 36681
3749 2728
3749 12396
3749 8292
3749 7032
3749 12755
3759 43012
3766 39936
3766 41879
3766 22982
3766 23887
3766 39467
3798 42550
3798 855
3798 40926
3798 26058
3798 38829
3905 3113
3905 36978
3905 36085
3905 41587
3905 284
3981 41133
3981 17580
3981 28466
3981 9153
3981 14420
3993 34910
3993 37085
3993 26005
3993 39809
3993 42255
4037 13498
4037 28608
4081 42964
4092 13344
4092 2457
4092 41486
4092 42051
4092 37228
4124 1751
4124 39446
4124 9875
4124 6516
4124 2887
4180 3686
4180 2997
4180 3364
4180 2442
4180 6809
4241 5158
4241 7838
4241 6129
4241 6162
4241 2955
4242 5380
4242 140
4242 4516
4242 36085
4242 24349
4246 40367
4368 8899
4368 6967
4368 5403
4368 6794
4368 31686
4380 43639
4433 30310
4433 29975
4433 373
4433 36913
4433 36038
4443 2316
4443 2537
4443 3824
4443 2640
4462 21030
4462 24878
4462 40694
4462 41507
4462 41709
4486 18698
4486 13203
4486 13195
4486 4805
4486 5752
4509 40811
4509 39682
4509 17604
4509 42129
4509 42550
4517 24058
4517 18686
4517 13898
4517 39768
4517 26269
4522 42546
4522 16283
4522 41879
4522 6166
4522 12301
4558 29626
4558 40779
4558 41230
4558 33013
4558 36065
4620 42739
4620 538
4620 43431
4620 21309
4620 40762
4698 26715
4698 43569
4698 43924
4698 36822
4698 35873
4712 42055
4712 29478
4712 25211
4712 2250
4712 4616
4751 1200
4751 2538
4751 2576
4751 42129
4751 25727
4762 3720
4762 1822
4762 41879
4762 42550
4762 34282
4852 3313
4852 19842
4852 32177
4852 44019
4852 41970
4892 39576
4892 295
4892 6459
4992 43595
4992 43596
5026 12649
5026 19750
5026 13714
5026 31727
5026 39264
5063 40811
5063 42130
5063 22232
5063 18519
5063 20264
5068 1213
5068 13941
5068 41022
5068 41587
5068 41912
5096 12796
5096 32844
5096 37224
5096 27360
5096 9831
5137 5961
5137 1703
5137 4808
5137 11099
5137 5851
5194 25186
5194 29371
5194 16871
5194 12843
5194 7506
5261 7344
5261 41897
5261 17067
5261 40957
5261 20218
5266 41879
5266 42550
5321 22611
5321 4053
5321 25727
5321 24066
5321 40957
5403 34231
5403 15863
5403 569
5403 21805
5403 39132
5409 307
5409 41879
5409 6423
5409 20663
5409 7
5502 42129
5580 24381
5580 43513
5580 42171
5657 33510
5657 15964
5657 20320
5657 20497
5657 33203
5759 41970
5759 42822
5759 41407
5759 42616
5759 40421
5770 7949
5770 7464
5770 7638
5770 8372
5770 7467
5791 15056
5791 9662
5791 19419
5791 10844
5791 19948
6015 20191
6015 17309
6015 42478
6015 17820
6015 25081
6077 42573
6077 38634
6077 36172
6077 40068
6077 34275
6117 544
6117 7232
6117 7161
6117 849
6117 2750
6247 41954
6247 42151
6247 36772
6288 39682
6288 20534
6288 22540
6288 14286
6288 22137
6365 3863
6365 30672
6365 14286
6365 42517
6404 17258
6404 31222
6404 37224
6404 1514
6429 16022
6429 2649
6454 37560
6454 40645
6454 38876
6454 42129
6454 1201
6468 39264
6468 33700
6468 41019
6468 37227
6468 41014
6483 20224
6483 872
6483 18151
6483 42129
6483 42550
6529 36312
6626 34081
6626 108
6626 40957
6626 12131
6763 2649
6763 1153
6763 21883
6763 25905
6763 14140
6878 42701
6878 13791
6878 42573
6878 3625
6878 2199
6883 22048
7001 42550
7001 38634
7001 38668
7001 308
7001 15491
7092 583
7092 1109
7092 455
7092 2650
7101 42499
7101 27360
7101 2480
7101 41879
7101 24030
7105 1140
7105 14500
7105 10071
7105 23557
7105 37304
7180 24827
7180 38974
7180 2655
7180 14850
7180 9001
7182 9680
7182 24109
7182 38745
7182 29918
7182 39929
7201 2910
7201 22050
7201 132
7201 14785
7201 14559
7347 1877
7347 1330
7347 21805
7347 39817
7368 40517
7368 22868
7368 26202
7368 18963
7368 31782
7394 41879
7394 10247
7394 8070
7394 4785
7394 22944
7434 6865
7434 6981
7434 20562
7434 2776
7434 4115
7578 12781
7578 13426
7578 19266
7578 26202
7578 2262
7742 2685
7758 27360
7758 1168
7758 22246
7758 2533
7758 15141
7838 1926
7838 1997
7838 3100
7838 3323
7838 3806
7903 42950
7903 40855
7903 32694
7903 29948
7903 42699
7940 13531
7940 18205
7940 11862
7940 41400
7940 2202
7964 34
7964 284
7964 10
7964 528
7972 42577
7972 41483
7972 41348
7972 43042
7972 15791
8070 42499
8070 28944
8070 32745
8070 20970
8070 15013
8146 36312
8146 10100
8146 27360
8146 16475
8146 2850
8150 1912
8150 19832
8150 12390
8150 1027
8150 1609
8298 42478
8298 42550
8298 3962
8428 10518
8428 32745
8428 14860
8428 70
8428 26348
8681 5409
8681 7303
8681 17437
8681 37279
8681 42393
8707 24200
8707 20431
8707 3384
8707 549
8707 7139
8788 36511
8788 34667
8852 21278
8852 20494
8852 4960
8852 2653
8852 16153
8933 3816
8933 14759
8933 4657
8933 18161
8933 28468
8976 36526
8976 40367
8976 15567
8976 43141
8976 42352
9295 14128
9295 21105
9295 1477
9295 3498
9471 7135
9471 7196
9471 16737
9471 42550
9484 40315
9484 41484
9484 41954
9484 16572
9484 19271
9494 43315
9494 1129
9494 33069
9494 1143
9494 41400
9499 42089
9784 42822
9784 40315
9784 25194
9784 14281
9784 22082
9821 24391
9821 25288
9821 17258
9821 27360
9821 39201
9848 41017
9848 14059
9848 21537
9848 38820
9848 11090
9921 21935
9921 31375
9921 28995
9921 1914
9921 1224
10009 14785
10009 14875
10009 42550
10009 12475
10009 10346
10297 12959
10297 892
10297 5575
10297 852
10400 6427
10400 1873
10400 34492
10400 42129
10400 40957
10552 27360
10552 5065
10668 6981
10668 17935
10668 12611
10668 2209
10668 2030
10752 26444
10752 31222
10752 42467
10752 39817
10752 26623
11240 40811
11240 42573
11240 40421
11240 33966
11240 17380
11248 31915
11248 6843
11248 36936
11248 13224
11248 18823
11260 284
11260 7198
11260 1068
11260 22753
11260 24058
11284 3379
11284 19750
11286 2655
11286 1214
11286 24620
11286 6495
11286 40759
11287 10594
11287 40059
11287 3241
11287 2517
11287 1623
11306 1128
11306 1169
11306 1172
11306 3582
11306 19002
11408 40957
11743 34378
11778 4147
11778 911
11778 851
11778 10174
11778 43076
12127 42546
12127 17143
12127 1036
12127 1499
12197 6722
12197 36747
12197 23558
12197 25866
12197 31772
12472 37560
12472 40367
12472 20218
12472 31535
12472 17068
12928 35333
13112 43065
13112 21790
13112 28980
13112 25984
13112 29193
13151 37388
13151 42435
13151 40113
13151 23444
13151 36913
13185 11880
13185 37073
13185 6960
13185 6179
13185 33444
13518 12784
13518 26018
13518 15426
13518 15129
13518 22224
13710 39682
13710 16994
13710 9831
13710 42312
13710 37107
13729 40421
13729 14619
13729 41486
13729 11123
13729 41557
13732 4726
13732 3196
13732 6450
13782 12392
13782 34048
13782 24066
13782 13454
13789 9680
13789 1100
13789 42106
13789 37352
13789 30339
14207 6160
14207 16994
14207 9618
14207 42654
14207 39801
14453 13970
14453 2390
14453 9588
14513 11892
14513 9699
14513 32844
14513 3818
14513 7244
14605 22674
14605 17802
14605 7995
14605 9614
14605 6490
14666 25751
14666 23988
14666 25812
14666 40068
14666 20099
14697 19385
14697 6793
14697 18363
14697 2183
14697 3255
14800 15562
14800 14769
14800 15074
14800 18301
14800 15042
14815 40957
14815 42550
14815 39700
14815 42053
14815 41585
14820 15433
14820 42130
14820 6423
14820 24032
14820 10547
14831 2500
14831 4367
14831 2960
14831 5931
14831 3662
14867 15799
14907 4176
14907 29289
14907 20129
14907 3899
14907 15565
14925 38722
14925 15488
14925 30444
14925 22396
15077 42550
15077 42055
15077 40913
15077 33852
15077 31373
15126 21264
15126 31221
15126 27344
15126 15545
15126 12855
15188 4837
15188 6535
15188 7099
15188 8056
15188 9804
15249 1125
15249 22868
15249 530
15249 1138
15249 5816
15257 7145
15257 860
15257 1693
15257 960
15324 40938
15324 23558
15324 24430
15324 18555
15324 24301
15326 42310
15326 43349
15326 36935
15326 36435
15326 39452
15331 6815
15331 7326
15331 8749
15331 1671
15331 9073
15470 291
15470 16491
15470 2173
15470 1815
15470 1168
15485 5699
15485 96
15485 14059
15485 6434
15485 5585
15510 26627
15510 22727
15510 42700
15510 15055
15510 10996
15578 1403
15578 745
15578 1623
15578 2753
15658 42546
15658 41587
15658 3818
15658 6653
15658 5187
15816 25041
15816 15055
15816 2546
15816 11862
15816 15586
15837 16022
15837 40059
15837 20188
15837 20562
15837 17641
16005 9280
16005 27722
16005 27363
16005 24255
16233 25731
16233 5296
16233 14053
16233 25072
16233 31359
16358 30268
16358 30701
16358 30291
16358 22233
16358 41960
16389 22396
16389 25872
16389 25789
16389 41585
16389 41912
16401 10726
16401 10774
16401 147
16401 12212
16401 25565
16748 18571
16748 43745
16748 14782
16804 42312
17143 41912
17348 968
17348 3691
17348 2830
17348 2040
17348 1021
17778 11066
17778 7551
17778 41882
17778 22506
17778 5007
18080 41020
18335 6030
18335 34965
18335 34065
18335 17768
18335 12358
18492 20431
18541 27360
18541 31134
18541 37224
19028 32745
19028 28944
19077 10770
19077 10627
19077 12642
19077 10526
19077 12437
19083 469
19083 1134
19083 1192
19083 578
19083 2475
19156 41879
19156 42467
19184 42573
19184 42283
19184 42700
19184 42130
19184 42168
19280 33277
19280 5253
19280 8070
19280 6710
19280 2503
19344 24109
19344 2607
19344 3816
19610 41254
19610 40229
19767 7022
19767 2717
19767 3182
19767 35731
19780 22980
19780 25003
19780 13714
19780 9430
19780 19697
